Team,GS ADA/GR/RF Predictions,LR Predictions,KNN Predictions,RF Predictions,GS RF Predictions,NN Predictions,GS NN Predictions,GS SVM Predictions,Other Team,Totalof8,ActualResult
NO,0.0,1.0,0.0,0.0,0.0,0.0,1.0,1.0,CAR,3.0,0
LAR,1.0,1.0,1.0,1.0,1.0,0.0,1.0,1.0,IND,7.0,1
PHI,1.0,0.0,0.0,1.0,1.0,0.0,0.0,0.0,SF,3.0,0
ARI,1.0,1.0,1.0,1.0,1.0,1.0,1.0,1.0,MIN,8.0,1
SF,0.0,1.0,1.0,0.0,1.0,0.0,1.0,1.0,PHI,5.0,1
SEA,1.0,1.0,1.0,1.0,1.0,0.0,1.0,1.0,TEN,7.0,0
CAR,1.0,0.0,1.0,1.0,0.0,0.0,0.0,0.0,NO,3.0,1
HOU,0.0,0.0,0.0,0.0,0.0,0.0,0.0,0.0,CLE,0.0,0
DEN,1.0,1.0,1.0,1.0,1.0,1.0,1.0,1.0,JAX,8.0,1
MIA,1.0,1.0,0.0,1.0,1.0,1.0,0.0,1.0,BUF,6.0,0
CLE,1.0,1.0,1.0,1.0,1.0,1.0,1.0,1.0,HOU,8.0,1
CIN,1.0,1.0,1.0,1.0,1.0,1.0,1.0,1.0,CHI,8.0,0
TB,1.0,1.0,1.0,1.0,1.0,1.0,1.0,1.0,ATL,8.0,1
MIN,0.0,0.0,0.0,0.0,0.0,0.0,0.0,0.0,ARI,0.0,0
LAC,0.0,1.0,1.0,1.0,1.0,0.0,1.0,1.0,DAL,6.0,0
PIT,0.0,1.0,0.0,0.0,0.0,1.0,1.0,1.0,LV,4.0,0
LV,1.0,1.0,1.0,1.0,0.0,0.0,0.0,0.0,PIT,4.0,1
WAS,1.0,1.0,1.0,0.0,1.0,1.0,0.0,1.0,NYG,6.0,1
NYG,0.0,0.0,0.0,0.0,0.0,1.0,0.0,0.0,WAS,1.0,0
NE,1.0,1.0,1.0,1.0,1.0,0.0,1.0,1.0,NYJ,7.0,1
BAL,1.0,0.0,1.0,1.0,0.0,1.0,0.0,0.0,KC,4.0,1
KC,0.0,1.0,0.0,1.0,1.0,1.0,1.0,1.0,BAL,6.0,0
DAL,0.0,0.0,0.0,0.0,0.0,1.0,0.0,0.0,LAC,1.0,1
BUF,0.0,0.0,1.0,0.0,0.0,0.0,0.0,0.0,MIA,1.0,1
IND,0.0,0.0,0.0,0.0,0.0,0.0,0.0,0.0,LAR,0.0,0
NYJ,0.0,0.0,0.0,0.0,0.0,0.0,0.0,0.0,NE,0.0,0
JAX,0.0,0.0,0.0,0.0,0.0,1.0,0.0,0.0,DEN,1.0,0
CHI,0.0,0.0,0.0,0.0,0.0,1.0,0.0,0.0,CIN,1.0,1
DET,0.0,0.0,0.0,0.0,0.0,0.0,0.0,0.0,GB,0.0,0
ATL,0.0,0.0,0.0,0.0,0.0,1.0,0.0,0.0,TB,1.0,0
TEN,0.0,0.0,0.0,0.0,0.0,0.0,0.0,0.0,SEA,0.0,1
GB,1.0,1.0,1.0,1.0,1.0,0.0,1.0,1.0,DET,7.0,1
