Team,GS ADA/GR/RF Predictions,LR Predictions,KNN Predictions,RF Predictions,GS RF Predictions,NN Predictions,GS NN Predictions,GS SVM Predictions,Other Team,Totalof8,ActualResult
CAR,1.0,1.0,1.0,1.0,1.0,1.0,1.0,1.0,HOU,8.0,1
LAR,0.0,0.0,0.0,0.0,0.0,1.0,0.0,0.0,TB,1.0,1
TB,1.0,1.0,1.0,1.0,1.0,0.0,1.0,1.0,LAR,7.0,0
DEN,1.0,1.0,0.0,1.0,1.0,1.0,1.0,1.0,NYJ,7.0,1
ARI,1.0,1.0,0.0,1.0,1.0,1.0,1.0,1.0,JAX,7.0,1
SF,0.0,1.0,0.0,1.0,1.0,1.0,1.0,1.0,GB,6.0,0
SEA,1.0,1.0,0.0,0.0,1.0,1.0,1.0,1.0,MIN,6.0,0
PHI,1.0,0.0,0.0,1.0,1.0,1.0,0.0,0.0,DAL,4.0,0
CLE,1.0,1.0,1.0,1.0,1.0,1.0,1.0,1.0,CHI,8.0,1
WAS,0.0,0.0,0.0,0.0,0.0,1.0,0.0,0.0,BUF,1.0,0
NE,0.0,1.0,0.0,1.0,0.0,1.0,1.0,1.0,NO,5.0,0
NO,0.0,0.0,1.0,0.0,0.0,1.0,0.0,0.0,NE,2.0,1
BUF,1.0,1.0,1.0,1.0,1.0,1.0,1.0,1.0,WAS,8.0,1
DAL,0.0,1.0,1.0,0.0,0.0,1.0,1.0,1.0,PHI,5.0,1
PIT,0.0,1.0,1.0,0.0,0.0,1.0,1.0,1.0,CIN,5.0,0
KC,1.0,1.0,1.0,1.0,1.0,1.0,1.0,1.0,LAC,8.0,0
BAL,1.0,1.0,1.0,1.0,1.0,1.0,1.0,1.0,DET,8.0,1
HOU,0.0,0.0,0.0,0.0,0.0,0.0,0.0,0.0,CAR,0.0,0
LV,1.0,1.0,0.0,1.0,1.0,1.0,1.0,1.0,MIA,7.0,1
MIN,0.0,0.0,1.0,1.0,0.0,1.0,0.0,0.0,SEA,3.0,1
CIN,1.0,0.0,0.0,1.0,1.0,1.0,0.0,0.0,PIT,4.0,1
NYG,1.0,1.0,1.0,1.0,1.0,1.0,1.0,1.0,ATL,8.0,0
CHI,0.0,0.0,0.0,0.0,0.0,1.0,0.0,0.0,CLE,1.0,0
LAC,0.0,0.0,0.0,0.0,0.0,0.0,0.0,0.0,KC,0.0,1
GB,0.0,0.0,1.0,0.0,0.0,0.0,0.0,0.0,SF,1.0,1
IND,0.0,0.0,0.0,0.0,0.0,1.0,0.0,0.0,TEN,1.0,0
MIA,0.0,0.0,1.0,1.0,0.0,1.0,0.0,0.0,LV,3.0,0
NYJ,0.0,0.0,1.0,0.0,0.0,0.0,0.0,0.0,DEN,1.0,0
DET,0.0,0.0,0.0,0.0,0.0,0.0,0.0,0.0,BAL,0.0,0
TEN,1.0,1.0,1.0,1.0,1.0,1.0,1.0,1.0,IND,8.0,1
JAX,0.0,0.0,1.0,0.0,0.0,1.0,0.0,0.0,ARI,2.0,0
ATL,0.0,0.0,0.0,0.0,0.0,1.0,0.0,0.0,NYG,1.0,1
