Team,GS ADA/GR/RF Predictions,LR Predictions,KNN Predictions,RF Predictions,GS RF Predictions,NN Predictions,GS NN Predictions,GS SVM Predictions,Other Team,Totalof8,ActualResult
NO,0.0,0.0,0.0,0.0,0.0,0.0,0.0,0.0,GB,0.0,1
TB,1.0,1.0,1.0,1.0,1.0,1.0,1.0,1.0,DAL,8.0,1
GB,1.0,1.0,1.0,1.0,1.0,0.0,1.0,1.0,NO,7.0,0
BUF,1.0,1.0,1.0,1.0,1.0,0.0,1.0,1.0,PIT,7.0,0
SEA,1.0,1.0,1.0,0.0,1.0,1.0,1.0,1.0,IND,7.0,1
KC,1.0,1.0,0.0,1.0,1.0,1.0,1.0,1.0,CLE,7.0,1
BAL,1.0,1.0,1.0,1.0,1.0,1.0,1.0,1.0,LV,8.0,0
PIT,0.0,0.0,0.0,0.0,0.0,1.0,0.0,0.0,BUF,1.0,1
LAR,1.0,1.0,1.0,1.0,1.0,0.0,1.0,1.0,CHI,7.0,1
IND,0.0,0.0,0.0,0.0,0.0,1.0,0.0,0.0,SEA,1.0,0
SF,1.0,1.0,1.0,1.0,1.0,1.0,1.0,1.0,DET,8.0,1
MIA,0.0,0.0,1.0,0.0,0.0,1.0,0.0,0.0,NE,2.0,1
ARI,0.0,0.0,1.0,1.0,1.0,1.0,0.0,0.0,TEN,4.0,1
TEN,0.0,1.0,0.0,0.0,0.0,0.0,1.0,1.0,ARI,3.0,0
CHI,0.0,0.0,0.0,0.0,0.0,1.0,0.0,0.0,LAR,1.0,0
WAS,0.0,1.0,0.0,0.0,1.0,1.0,0.0,1.0,LAC,4.0,0
ATL,1.0,1.0,1.0,1.0,1.0,1.0,1.0,1.0,PHI,8.0,0
CLE,0.0,0.0,1.0,0.0,0.0,0.0,0.0,0.0,KC,1.0,0
LV,0.0,0.0,0.0,0.0,0.0,0.0,0.0,0.0,BAL,0.0,1
MIN,0.0,1.0,1.0,1.0,1.0,1.0,1.0,1.0,CIN,7.0,0
CAR,1.0,1.0,1.0,1.0,1.0,1.0,1.0,1.0,NYJ,8.0,1
NE,0.0,1.0,0.0,0.0,1.0,0.0,1.0,1.0,MIA,4.0,0
DAL,0.0,0.0,0.0,0.0,0.0,1.0,0.0,0.0,TB,1.0,0
HOU,0.0,0.0,0.0,1.0,0.0,1.0,0.0,0.0,JAX,2.0,1
NYG,1.0,0.0,1.0,1.0,1.0,0.0,0.0,0.0,DEN,4.0,0
LAC,1.0,0.0,1.0,1.0,0.0,0.0,0.0,0.0,WAS,3.0,1
DET,0.0,0.0,0.0,0.0,0.0,0.0,0.0,0.0,SF,0.0,0
PHI,0.0,0.0,0.0,0.0,0.0,0.0,0.0,0.0,ATL,0.0,1
DEN,0.0,1.0,0.0,0.0,0.0,1.0,1.0,1.0,NYG,4.0,1
CIN,0.0,0.0,0.0,0.0,0.0,1.0,0.0,0.0,MIN,1.0,1
JAX,0.0,1.0,0.0,0.0,0.0,1.0,1.0,1.0,HOU,4.0,0
NYJ,0.0,0.0,0.0,0.0,0.0,0.0,0.0,0.0,CAR,0.0,0
