Team,GS ADA/GR/RF Predictions,LR Predictions,KNN Predictions,RF Predictions,GS RF Predictions,NN Predictions,GS NN Predictions,GS SVM Predictions,Other Team,Totalof8
CAR,0.0,0.0,1.0,0.0,1.0,1.0,0.0,0.0,DAL,3.0
CLE,1.0,1.0,1.0,1.0,1.0,0.0,1.0,1.0,MIN,7.0
LAR,1.0,1.0,1.0,1.0,1.0,1.0,1.0,1.0,ARI,8.0
ARI,0.0,0.0,0.0,1.0,0.0,1.0,0.0,0.0,LAR,2.0
DEN,0.0,0.0,1.0,1.0,1.0,1.0,1.0,1.0,BAL,6.0
BUF,1.0,1.0,1.0,1.0,1.0,0.0,1.0,1.0,HOU,7.0
TB,1.0,1.0,1.0,1.0,1.0,1.0,1.0,1.0,NE,8.0
NO,1.0,1.0,0.0,1.0,1.0,0.0,1.0,1.0,NYG,6.0
DAL,0.0,1.0,0.0,0.0,0.0,0.0,1.0,1.0,CAR,3.0
SEA,1.0,0.0,0.0,1.0,0.0,1.0,0.0,0.0,SF,3.0
CIN,1.0,1.0,0.0,1.0,1.0,0.0,1.0,1.0,JAX,6.0
SF,0.0,1.0,1.0,0.0,1.0,0.0,1.0,1.0,SEA,5.0
BAL,1.0,1.0,0.0,0.0,0.0,0.0,0.0,0.0,DEN,2.0
LV,0.0,0.0,0.0,0.0,0.0,1.0,0.0,0.0,LAC,1.0
KC,1.0,1.0,1.0,1.0,1.0,0.0,1.0,1.0,PHI,7.0
MIN,0.0,0.0,0.0,0.0,0.0,0.0,0.0,0.0,CLE,0.0
PHI,0.0,0.0,0.0,0.0,0.0,1.0,0.0,0.0,KC,1.0
NYG,0.0,0.0,1.0,0.0,0.0,1.0,0.0,0.0,NO,2.0
HOU,0.0,0.0,0.0,0.0,0.0,0.0,0.0,0.0,BUF,0.0
GB,1.0,1.0,1.0,1.0,1.0,0.0,1.0,1.0,PIT,7.0
NE,0.0,0.0,0.0,0.0,0.0,0.0,0.0,0.0,TB,0.0
LAC,1.0,1.0,1.0,1.0,0.0,0.0,1.0,1.0,LV,6.0
WAS,1.0,1.0,0.0,1.0,1.0,1.0,1.0,1.0,ATL,7.0
PIT,0.0,0.0,0.0,0.0,0.0,0.0,0.0,0.0,GB,0.0
MIA,0.0,1.0,1.0,1.0,1.0,0.0,0.0,1.0,IND,5.0
IND,0.0,0.0,0.0,0.0,0.0,1.0,0.0,0.0,MIA,1.0
TEN,1.0,1.0,1.0,1.0,1.0,1.0,1.0,1.0,NYJ,8.0
CHI,0.0,1.0,1.0,0.0,0.0,0.0,0.0,1.0,DET,3.0
DET,1.0,0.0,0.0,1.0,1.0,1.0,0.0,0.0,CHI,4.0
NYJ,0.0,0.0,1.0,0.0,0.0,0.0,0.0,0.0,TEN,1.0
JAX,0.0,0.0,1.0,0.0,0.0,1.0,0.0,0.0,CIN,2.0
ATL,0.0,0.0,1.0,0.0,0.0,0.0,0.0,0.0,WAS,1.0
